00 4 7 5 0 8 2 6 1 3
01 6 8 7 4 3 2 1 5 0
02 0 6 7 1 2 4 3 8 5
03 0 1 8 7 2 4 5 6 3
04 5 0 8 7 2 4 6 1 3
05 0 4 6 2 1 5 3 8 7
06 0 2 8 4 5 1 7 6 3
07 2 3 8 0 4 1 6 7 5
08 5 7 3 0 2 8 4 1 6
09 0 4 2 1 3 8 6 5 7
10 4 5 8 1 3 0 6 7 2
11 3 8 4 7 5 2 6 1 0
12 2 1 5 0 6 8 7 3 4
13 4 8 2 5 6 0 7 1 3
14 4 6 2 3 7 0 5 1 8
15 2 4 7 3 5 0 1 8 6
16 4 5 1 8 7 3 0 2 6
17 7 6 3 1 5 4 2 0 8
18 3 7 8 6 5 0 4 2 1
19 0 1 8 5 2 7 4 6 3
20 1 6 5 3 4 7 2 8 0
21 2 4 1 0 6 5 3 7 8
22 4 2 0 5 8 1 7 3 6
23 7 1 5 8 2 3 6 0 4
24 4 5 6 8 1 3 2 0 7
25 7 1 5 4 0 6 3 2 8
26 3 6 2 5 7 4 1 0 8
27 6 3 7 0 2 4 5 1 8
28 7 2 8 6 0 4 3 5 1
29 6 5 4 1 8 7 3 0 2
30 0 3 7 2 8 5 6 1 4
31 0 8 1 7 5 4 3 2 6
32 8 5 2 0 4 1 7 3 6
33 2 7 3 1 5 4 0 6 8
34 0 5 7 8 2 6 3 4 1
35 5 1 3 0 8 6 7 4 2
36 5 7 1 6 3 4 2 8 0
37 0 2 3 7 4 1 8 6 5
38 1 2 4 7 8 5 3 6 0
39 3 8 7 2 4 1 6 5 0
40 1 4 2 6 0 5 8 7 3
41 8 5 7 4 2 1 3 0 6
42 5 7 8 1 0 4 3 6 2
43 8 3 2 0 7 1 6 4 5
44 5 2 3 7 6 4 0 1 8
45 1 2 0 5 4 7 3 8 6
46 5 3 2 7 1 0 8 4 6
47 6 7 8 1 0 3 2 4 5
48 2 3 0 5 6 7 1 4 8
49 4 0 2 1 5 3 8 7 6
50 0 7 5 2 6 8 1 4 3
51 3 6 7 5 2 0 8 1 4
52 3 0 1 7 8 5 4 6 2
53 4 6 8 0 3 1 5 7 2
54 3 7 2 8 1 6 0 4 5
55 0 1 6 3 8 2 7 5 4
56 3 7 5 4 1 0 2 6 8
57 3 7 5 1 0 4 8 6 2
58 6 7 8 0 3 1 4 2 5
59 2 5 8 3 1 0 7 4 6
60 0 7 8 5 1 2 4 6 3
61 3 4 1 0 6 5 7 2 8
62 1 8 2 3 4 7 5 0 6
63 2 5 8 0 6 4 1 3 7
64 3 6 8 5 0 2 7 4 1
65 5 4 0 1 7 6 2 3 8
66 0 7 2 1 4 8 3 6 5
67 2 7 4 8 3 6 0 5 1
68 3 1 8 4 7 2 6 5 0
69 6 8 4 1 5 0 7 2 3
70 8 7 5 0 1 3 4 6 2
71 0 1 6 7 3 5 4 2 8
72 1 0 6 7 5 3 4 8 2
73 1 6 8 3 7 2 0 5 4
74 0 3 4 8 7 2 1 5 6
75 2 3 6 7 5 0 8 1 4
76 7 0 6 8 1 5 4 3 2
77 0 1 2 8 7 3 5 4 6
78 3 2 4 1 5 7 8 0 6
79 0 6 1 7 3 2 5 8 4
80 7 1 5 8 0 2 3 6 4
81 6 0 4 2 1 5 8 3 7
82 6 4 2 7 5 0 8 1 3
83 8 4 5 2 1 7 3 0 6
84 1 8 6 0 5 7 3 4 2
85 7 2 0 1 8 5 3 6 4
86 7 5 8 4 2 6 3 1 0
87 6 3 4 7 1 8 2 0 5
88 2 5 3 6 0 4 8 1 7
89 5 3 2 4 7 6 0 8 1
90 6 5 1 2 7 8 0 4 3
91 3 6 1 7 4 5 8 0 2
92 1 3 0 2 7 6 5 8 4
93 0 5 8 1 6 3 4 7 2
94 0 1 4 5 7 8 6 2 3
95 3 4 8 6 1 7 2 5 0
96 1 0 3 2 8 4 6 5 7
97 1 2 0 7 3 8 5 4 6
98 8 5 0 1 2 4 3 6 7
99 0 6 5 1 8 7 3 4 2
